a=[
1.464000E-03 2.305989583E00
1.467600E-03 2.266927083E00
1.471200E-03 2.222656250E00
1.474800E-03 2.178385417E00
1.478400E-03 2.138020833E00
1.482000E-03 2.093750000E00
1.485600E-03 2.049479167E00
1.489200E-03 2.006510417E00
1.492800E-03 1.963541667E00
1.496400E-03 1.920572917E00
1.500000E-03 1.877604167E00
1.503600E-03 1.832031250E00
1.507200E-03 1.787760417E00
1.510800E-03 1.744791667E00
1.514400E-03 1.699218750E00
1.518000E-03 1.652343750E00
1.521600E-03 1.608072917E00
1.525200E-03 1.562500000E00
1.528800E-03 1.518229167E00
1.532400E-03 1.477864583E00
1.536000E-03 1.436197917E00
1.539600E-03 1.393229167E00
1.543200E-03 1.352864583E00
1.546800E-03 1.308593750E00
1.550400E-03 1.264322917E00
1.554000E-03 1.221354167E00
1.557600E-03 1.175781250E00
1.561200E-03 1.134114583E00
1.564800E-03 1.092447917E00
1.568400E-03 1.049479167E00
1.572000E-03 1.006510417E00
1.575600E-03 963.541667E-03
1.579200E-03 920.572917E-03
1.582800E-03 880.208333E-03
1.586400E-03 835.937500E-03
1.590000E-03 789.062500E-03
1.593600E-03 744.791667E-03
1.597200E-03 701.822917E-03
1.600800E-03 656.250000E-03
1.604400E-03 611.979167E-03
1.608000E-03 569.010417E-03
1.611600E-03 531.250000E-03
1.615200E-03 490.885417E-03
1.618800E-03 447.916667E-03
1.622400E-03 404.947917E-03
1.626000E-03 361.979167E-03
1.629600E-03 316.406250E-03
1.633200E-03 274.739583E-03
1.636800E-03 230.468750E-03
1.640400E-03 186.197917E-03
1.644000E-03 143.229167E-03
1.647600E-03 102.864583E-03
1.651200E-03 61.197917E-03
1.654800E-03 18.229167E-03
1.658400E-03 -22.135417E-03
1.662000E-03 -63.802083E-03
1.665600E-03 -104.166667E-03
1.669200E-03 -145.833333E-03
1.672800E-03 -186.197917E-03
1.676400E-03 -225.260417E-03
1.680000E-03 -266.927083E-03
1.683600E-03 -309.895833E-03
1.687200E-03 -352.864583E-03
1.690800E-03 -395.833333E-03
1.694400E-03 -436.197917E-03
1.698000E-03 -477.864583E-03
1.701600E-03 -520.833333E-03
1.705200E-03 -566.406250E-03
1.708800E-03 -608.072917E-03
1.712400E-03 -652.343750E-03
1.716000E-03 -696.614583E-03
1.719600E-03 -742.187500E-03
1.723200E-03 -786.458333E-03
1.726800E-03 -829.427083E-03
1.730400E-03 -872.395833E-03
1.734000E-03 -915.364583E-03
1.737600E-03 -958.333333E-03
1.741200E-03 -1.001302083E00
1.744800E-03 -1.044270833E00
1.748400E-03 -1.087239583E00
1.752000E-03 -1.132812500E00
1.755600E-03 -1.177083333E00
1.759200E-03 -1.220052083E00
1.762800E-03 -1.263020833E00
1.766400E-03 -1.305989583E00
1.770000E-03 -1.351562500E00
1.773600E-03 -1.393229167E00
1.777200E-03 -1.434895833E00
1.780800E-03 -1.477864583E00
1.784400E-03 -1.520833333E00
1.788000E-03 -1.563802083E00
1.791600E-03 -1.606770833E00
1.795200E-03 -1.649739583E00
1.798800E-03 -1.692708333E00
1.802400E-03 -1.738281250E00
1.806000E-03 -1.782552083E00
1.809600E-03 -1.822916667E00
1.813200E-03 -1.828125000E00
1.816800E-03 -1.795572917E00
1.820400E-03 -1.752604167E00
1.824000E-03 -1.709635417E00
1.827600E-03 -1.666666667E00
1.831200E-03 -1.621093750E00
1.834800E-03 -1.576822917E00
1.838400E-03 -1.536458333E00
1.842000E-03 -1.494791667E00
1.845600E-03 -1.451822917E00
1.849200E-03 -1.408854167E00
1.852800E-03 -1.365885417E00
1.856400E-03 -1.322916667E00
1.860000E-03 -1.279947917E00
1.863600E-03 -1.236979167E00
1.867200E-03 -1.194010417E00
1.870800E-03 -1.151041667E00
1.874400E-03 -1.105468750E00
1.878000E-03 -1.061197917E00
1.881600E-03 -1.018229167E00
1.885200E-03 -977.864583E-03
1.888800E-03 -936.197917E-03
1.892400E-03 -893.229167E-03
1.896000E-03 -847.656250E-03
1.899600E-03 -803.385417E-03
1.903200E-03 -760.416667E-03
1.906800E-03 -717.447917E-03
1.910400E-03 -671.875000E-03
1.914000E-03 -627.604167E-03
1.917600E-03 -584.635417E-03
1.921200E-03 -541.666667E-03
1.924800E-03 -498.697917E-03
1.928400E-03 -455.729167E-03
1.932000E-03 -412.760417E-03
1.935600E-03 -369.791667E-03
1.939200E-03 -326.822917E-03
1.942800E-03 -283.854167E-03
1.946400E-03 -243.489583E-03
1.950000E-03 -204.427083E-03
1.953600E-03 -165.364583E-03
1.957200E-03 -126.302083E-03
1.960800E-03 -84.635417E-03
1.964400E-03 -41.666667E-03
1.968000E-03 1.302083E-03
1.971600E-03 41.666667E-03
1.975200E-03 85.937500E-03
1.978800E-03 127.604167E-03
1.982400E-03 169.270833E-03
1.986000E-03 212.239583E-03
1.989600E-03 255.208333E-03
1.993200E-03 298.177083E-03
1.996800E-03 341.145833E-03
2.000400E-03 384.114583E-03
2.004000E-03 427.083333E-03
2.007600E-03 470.052083E-03
2.011200E-03 513.020833E-03
2.014800E-03 553.385417E-03
2.018400E-03 595.052083E-03
2.022000E-03 638.020833E-03
2.025600E-03 680.989583E-03
2.029200E-03 726.562500E-03
2.032800E-03 770.833333E-03
2.036400E-03 816.406250E-03
2.040000E-03 860.677083E-03
2.043600E-03 903.645833E-03
2.047200E-03 946.614583E-03
2.050800E-03 986.979167E-03
2.054400E-03 1.028645833E00
2.058000E-03 1.071614583E00
2.061600E-03 1.114583333E00
2.065200E-03 1.160156250E00
2.068800E-03 1.204427083E00
2.072400E-03 1.247395833E00
2.076000E-03 1.290364583E00
2.079600E-03 1.333333333E00
2.083200E-03 1.373697917E00
2.086800E-03 1.415364583E00
2.090400E-03 1.458333333E00
2.094000E-03 1.501302083E00
2.097600E-03 1.546875000E00
2.101200E-03 1.588541667E00
2.104800E-03 1.632812500E00
2.108400E-03 1.679687500E00
2.112000E-03 1.726562500E00
2.115600E-03 1.770833333E00
2.119200E-03 1.813802083E00
2.122800E-03 1.856770833E00
2.126400E-03 1.902343750E00
2.130000E-03 1.946614583E00
2.133600E-03 1.989583333E00
2.137200E-03 2.032552083E00
2.140800E-03 2.075520833E00
2.144400E-03 2.118489583E00
2.148000E-03 2.161458333E00
2.151600E-03 2.204427083E00
2.155200E-03 2.247395833E00
2.158800E-03 2.290364583E00
2.162400E-03 2.330729167E00
2.166000E-03 2.372395833E00
2.169600E-03 2.415364583E00
2.173200E-03 2.458333333E00
2.176800E-03 2.503906250E00
2.180400E-03 2.548177083E00
2.184000E-03 2.591145833E00
2.187600E-03 2.634114583E00
2.191200E-03 2.677083333E00
2.194800E-03 2.720052083E00
2.198400E-03 2.763020833E00
2.202000E-03 2.803385417E00
2.205600E-03 2.845052083E00
2.209200E-03 2.885416667E00
2.212800E-03 2.924479167E00
2.216400E-03 2.966145833E00
2.220000E-03 3.006510417E00
2.223600E-03 3.050781250E00
2.227200E-03 3.095052083E00
2.230800E-03 3.140625000E00
2.234400E-03 3.182291667E00
2.238000E-03 3.226562500E00
2.241600E-03 3.270833333E00
2.245200E-03 3.313802083E00
2.248800E-03 3.356770833E00
2.252400E-03 3.399739583E00
2.256000E-03 3.442708333E00
2.259600E-03 3.485677083E00
2.263200E-03 3.528645833E00
2.266800E-03 3.571614583E00
2.270400E-03 3.614583333E00
2.274000E-03 3.654947917E00
2.277600E-03 3.699218750E00
2.281200E-03 3.740885417E00
2.284800E-03 3.782552083E00
2.288400E-03 3.828125000E00
2.292000E-03 3.872395833E00
2.295600E-03 3.915364583E00
2.299200E-03 3.958333333E00
2.302800E-03 3.998697917E00
2.306400E-03 4.045572917E00
2.310000E-03 4.088541667E00
2.313600E-03 4.085937500E00
2.317200E-03 4.046875000E00
2.320800E-03 4.005208333E00
2.324400E-03 3.963541667E00
2.328000E-03 3.920572917E00
2.331600E-03 3.877604167E00
2.335200E-03 3.832031250E00
2.338800E-03 3.787760417E00
2.342400E-03 3.747395833E00
2.346000E-03 3.705729167E00
2.349600E-03 3.662760417E00
2.353200E-03 3.619791667E00
2.356800E-03 3.576822917E00
2.360400E-03 3.536458333E00
2.364000E-03 3.494791667E00
2.367600E-03 3.451822917E00
2.371200E-03 3.408854167E00
2.374800E-03 3.365885417E00
2.378400E-03 3.322916667E00
2.382000E-03 3.277343750E00
2.385600E-03 3.233072917E00
2.389200E-03 3.192708333E00
2.392800E-03 3.148437500E00
2.396400E-03 3.104166667E00
2.400000E-03 3.061197917E00
2.403600E-03 3.018229167E00
2.407200E-03 2.977864583E00
2.410800E-03 2.936197917E00
2.414400E-03 2.895833333E00
2.418000E-03 2.854166667E00
2.421600E-03 2.813802083E00
2.425200E-03 2.774739583E00
2.428800E-03 2.733072917E00
2.432400E-03 2.687500000E00
2.436000E-03 2.643229167E00
2.439600E-03 2.600260417E00
2.443200E-03 2.557291667E00
