a=[ 3.197964000000e-03 -3.31688e+00
 3.198096000000e-03 -3.30750e+00
 3.198228000000e-03 -3.29813e+00
 3.198360000000e-03 -3.28406e+00
 3.198492000000e-03 -3.31688e+00
 3.198624000000e-03 -3.30281e+00
 3.198756000000e-03 -3.33094e+00
 3.198888000000e-03 -3.31688e+00
 3.199020000000e-03 -3.31219e+00
 3.199152000000e-03 -3.32625e+00
 3.199284000000e-03 -3.30750e+00
 3.199416000000e-03 -3.31219e+00
 3.199548000000e-03 -3.31219e+00
 3.199680000000e-03 -3.31219e+00
 3.199812000000e-03 -3.30750e+00
 3.199944000000e-03 -3.30281e+00
 3.200076000000e-03 -3.30750e+00
 3.200208000000e-03 -3.31219e+00
 3.200340000000e-03 -3.32625e+00
 3.200472000000e-03 -3.32625e+00
 3.200604000000e-03 -3.32625e+00
 3.200736000000e-03 -3.32156e+00
 3.200868000000e-03 -3.30281e+00
 3.201000000000e-03 -3.31688e+00
 3.201132000000e-03 -3.31688e+00
 3.201264000000e-03 -3.32625e+00
 3.201396000000e-03 -3.31688e+00
 3.201528000000e-03 -3.32156e+00
 3.201660000000e-03 -3.30750e+00
 3.201792000000e-03 -3.29813e+00
 3.201924000000e-03 -3.30281e+00
 3.202056000000e-03 -3.30281e+00
 3.202188000000e-03 -3.30281e+00
 3.202320000000e-03 -3.30281e+00
 3.202452000000e-03 -3.30750e+00
 3.202584000000e-03 -3.30281e+00
 3.202716000000e-03 -3.30281e+00
 3.202848000000e-03 -3.31219e+00
 3.202980000000e-03 -3.31219e+00
 3.203112000000e-03 -3.32156e+00
 3.203244000000e-03 -3.31219e+00
 3.203376000000e-03 -3.32625e+00
 3.203508000000e-03 -3.32156e+00
 3.203640000000e-03 -3.31688e+00
 3.203772000000e-03 -3.31688e+00
 3.203904000000e-03 -3.31688e+00
 3.204036000000e-03 -3.30281e+00
 3.204168000000e-03 -3.30281e+00
 3.204300000000e-03 -3.29344e+00
 3.204432000000e-03 -3.31219e+00
 3.204564000000e-03 -3.30281e+00
 3.204696000000e-03 -3.30281e+00
 3.204828000000e-03 -3.29344e+00
 3.204960000000e-03 -3.30750e+00
 3.205092000000e-03 -3.30281e+00
 3.205224000000e-03 -3.29344e+00
 3.205356000000e-03 -3.30750e+00
 3.205488000000e-03 -3.30750e+00
 3.205620000000e-03 -3.31219e+00
 3.205752000000e-03 -3.32156e+00
 3.205884000000e-03 -3.27938e+00
 3.206016000000e-03 -3.31219e+00
 3.206148000000e-03 -3.30281e+00
 3.206280000000e-03 -3.30750e+00
 3.206412000000e-03 -3.30750e+00
 3.206544000000e-03 -3.29813e+00
 3.206676000000e-03 -3.29344e+00
 3.206808000000e-03 -3.32625e+00
 3.206940000000e-03 -3.29344e+00
 3.207072000000e-03 -3.29344e+00
 3.207204000000e-03 -3.29813e+00
 3.207336000000e-03 -3.29344e+00
 3.207468000000e-03 -3.30750e+00
 3.207600000000e-03 -3.29344e+00
 3.207732000000e-03 -3.28875e+00
 3.207864000000e-03 -3.29813e+00
 3.207996000000e-03 -3.29344e+00
 3.208128000000e-03 -3.29344e+00
 3.208260000000e-03 -1.23563e+00
 3.208392000000e-03  3.76125e+00
 3.208524000000e-03  3.62531e+00
 3.208656000000e-03  3.64875e+00
 3.208788000000e-03  3.61594e+00
 3.208920000000e-03  3.62531e+00
 3.209052000000e-03  3.61594e+00
 3.209184000000e-03  3.63000e+00
 3.209316000000e-03  3.61125e+00
 3.209448000000e-03  3.62063e+00
 3.209580000000e-03  3.63000e+00
 3.209712000000e-03  3.60656e+00
 3.209844000000e-03  3.62531e+00
 3.209976000000e-03  3.61125e+00
 3.210108000000e-03  3.61594e+00
 3.210240000000e-03  3.63000e+00
 3.210372000000e-03  3.61594e+00
 3.210504000000e-03  3.61125e+00
 3.210636000000e-03  3.61125e+00
 3.210768000000e-03  3.59719e+00
 3.210900000000e-03  3.60188e+00
 3.211032000000e-03  3.62531e+00
 3.211164000000e-03  3.61594e+00
 3.211296000000e-03  3.60656e+00
 3.211428000000e-03  3.60188e+00
 3.211560000000e-03  3.61125e+00
 3.211692000000e-03  3.62063e+00
 3.211824000000e-03  3.63000e+00
 3.211956000000e-03  3.62063e+00
 3.212088000000e-03  3.61594e+00
 3.212220000000e-03  3.60188e+00
 3.212352000000e-03  3.60656e+00
 3.212484000000e-03  3.62063e+00
 3.212616000000e-03  3.59250e+00
 3.212748000000e-03  3.62063e+00
 3.212880000000e-03  3.59719e+00
 3.213012000000e-03  3.60188e+00
 3.213144000000e-03  3.59719e+00
 3.213276000000e-03  3.57844e+00
 3.213408000000e-03  3.59719e+00
 3.213540000000e-03  3.59719e+00
 3.213672000000e-03  3.60656e+00
 3.213804000000e-03  3.61594e+00
 3.213936000000e-03  3.58781e+00
 3.214068000000e-03  3.59250e+00
 3.214200000000e-03  3.59719e+00
 3.214332000000e-03  3.58313e+00
 3.214464000000e-03  3.59250e+00
 3.214596000000e-03  3.58313e+00
 3.214728000000e-03  3.57844e+00
 3.214860000000e-03  3.58313e+00
 3.214992000000e-03  3.60188e+00
 3.215124000000e-03  3.59719e+00
 3.215256000000e-03  1.64719e+00
 3.215388000000e-03 -3.47625e+00
 3.215520000000e-03 -3.34031e+00
 3.215652000000e-03 -3.37781e+00
 3.215784000000e-03 -3.34969e+00
 3.215916000000e-03 -3.36844e+00
 3.216048000000e-03 -3.34969e+00
 3.216180000000e-03 -3.35906e+00
 3.216312000000e-03 -3.36844e+00
 3.216444000000e-03 -3.34969e+00
 3.216576000000e-03 -3.34969e+00
 3.216708000000e-03 -3.35906e+00
 3.216840000000e-03 -3.35906e+00
 3.216972000000e-03 -3.35438e+00
 3.217104000000e-03 -3.34031e+00
 3.217236000000e-03 -3.34031e+00
 3.217368000000e-03 -3.34031e+00
 3.217500000000e-03 -3.36375e+00
 3.217632000000e-03 -3.33563e+00
 3.217764000000e-03 -3.33563e+00
 3.217896000000e-03 -3.34500e+00
 3.218028000000e-03 -3.34500e+00
 3.218160000000e-03 -3.33563e+00
 3.218292000000e-03 -3.33094e+00
 3.218424000000e-03 -3.34031e+00
 3.218556000000e-03 -3.32625e+00
 3.218688000000e-03 -3.33563e+00
 3.218820000000e-03 -3.34969e+00
 3.218952000000e-03 -3.32156e+00
 3.219084000000e-03 -3.32156e+00
 3.219216000000e-03 -3.31219e+00
 3.219348000000e-03 -3.33563e+00
 3.219480000000e-03 -3.34500e+00
 3.219612000000e-03 -3.33094e+00
 3.219744000000e-03 -3.34031e+00
 3.219876000000e-03 -3.33563e+00
 3.220008000000e-03 -3.34031e+00
 3.220140000000e-03 -3.30281e+00
 3.220272000000e-03 -3.33094e+00
 3.220404000000e-03 -3.31688e+00
 3.220536000000e-03 -3.33094e+00
 3.220668000000e-03 -3.33094e+00
 3.220800000000e-03 -3.32625e+00
 3.220932000000e-03 -3.33094e+00
 3.221064000000e-03 -3.30750e+00
 3.221196000000e-03 -3.32625e+00
 3.221328000000e-03 -3.32156e+00
 3.221460000000e-03 -3.31219e+00
 3.221592000000e-03 -3.32156e+00
 3.221724000000e-03 -3.30750e+00
 3.221856000000e-03 -3.30750e+00
 3.221988000000e-03 -3.30750e+00
 3.222120000000e-03 -3.31688e+00
 3.222252000000e-03 -3.30281e+00
 3.222384000000e-03 -3.30750e+00
 3.222516000000e-03 -3.31688e+00
 3.222648000000e-03 -3.31219e+00
 3.222780000000e-03 -3.31688e+00
 3.222912000000e-03 -3.30281e+00
 3.223044000000e-03 -3.30750e+00
 3.223176000000e-03 -3.31688e+00
 3.223308000000e-03 -3.32156e+00
 3.223440000000e-03 -3.29813e+00
 3.223572000000e-03 -3.28406e+00
 3.223704000000e-03 -3.29813e+00
 3.223836000000e-03 -3.31219e+00
 3.223968000000e-03 -3.30750e+00
 3.224100000000e-03 -3.31219e+00
 3.224232000000e-03 -3.30750e+00
 3.224364000000e-03 -3.30281e+00
 3.224496000000e-03 -3.29813e+00
 3.224628000000e-03 -3.30281e+00
 3.224760000000e-03 -3.32156e+00
 3.224892000000e-03 -3.31219e+00
 3.225024000000e-03 -3.32156e+00
 3.225156000000e-03 -3.30750e+00
 3.225288000000e-03 -3.30281e+00
 3.225420000000e-03 -3.30750e+00
 3.225552000000e-03 -3.31688e+00
 3.225684000000e-03 -3.33094e+00
 3.225816000000e-03 -3.31219e+00
 3.225948000000e-03 -3.31688e+00
 3.226080000000e-03 -3.30750e+00
 3.226212000000e-03 -3.30750e+00
 3.226344000000e-03 -3.28875e+00
 3.226476000000e-03 -3.29813e+00
 3.226608000000e-03 -3.30281e+00
 3.226740000000e-03 -3.30281e+00
 3.226872000000e-03 -3.29344e+00
 3.227004000000e-03 -3.30750e+00
 3.227136000000e-03 -3.30281e+00
 3.227268000000e-03 -3.30281e+00
 3.227400000000e-03 -3.29344e+00
 3.227532000000e-03 -3.30281e+00
 3.227664000000e-03 -3.28875e+00
 3.227796000000e-03 -3.31219e+00
 3.227928000000e-03 -3.28875e+00
 3.228060000000e-03 -3.29344e+00
 3.228192000000e-03 -3.28875e+00
 3.228324000000e-03 -3.29813e+00
 3.228456000000e-03 -3.30281e+00
 3.228588000000e-03 -3.29344e+00
 3.228720000000e-03 -3.31688e+00
 3.228852000000e-03 -3.30281e+00
