a=[
-5.332000000000e-03 -1.35937e-01
-5.314800000000e-03 -1.35937e-01
-5.297600000000e-03 -1.37070e-01
-5.280400000000e-03 -1.35937e-01
-5.263200000000e-03 -1.35937e-01
-5.246000000000e-03 -1.35937e-01
-5.228800000000e-03 -1.35937e-01
-5.211600000000e-03 -1.35937e-01
-5.194400000000e-03 -1.35937e-01
-5.177200000000e-03 -1.35937e-01
-5.160000000000e-03 -1.35937e-01
-5.142800000000e-03 -1.35937e-01
-5.125600000000e-03 -1.35937e-01
-5.108400000000e-03 -1.35937e-01
-5.091200000000e-03 -1.35937e-01
-5.074000000000e-03 -1.35937e-01
-5.056800000000e-03 -1.35937e-01
-5.039600000000e-03 -1.35937e-01
-5.022400000000e-03 -1.35937e-01
-5.005200000000e-03  5.34687e-01
-4.988000000000e-03  8.48477e-01
-4.970800000000e-03  8.50742e-01
-4.953600000000e-03  8.50742e-01
-4.936400000000e-03  8.51875e-01
-4.919200000000e-03  8.51875e-01
-4.902000000000e-03  8.51875e-01
-4.884800000000e-03  8.53008e-01
-4.867600000000e-03  8.53008e-01
-4.850400000000e-03  8.53008e-01
-4.833200000000e-03  8.53008e-01
-4.816000000000e-03  8.53008e-01
-4.798800000000e-03  8.53008e-01
-4.781600000000e-03  8.53008e-01
-4.764400000000e-03  8.53008e-01
-4.747200000000e-03  8.53008e-01
-4.730000000000e-03  8.54141e-01
-4.712800000000e-03  8.54141e-01
-4.695600000000e-03  8.54141e-01
-4.678400000000e-03  8.54141e-01
-4.661200000000e-03  8.54141e-01
-4.644000000000e-03  8.54141e-01
-4.626800000000e-03  8.53008e-01
-4.609600000000e-03  8.54141e-01
-4.592400000000e-03  8.54141e-01
-4.575200000000e-03  8.54141e-01
-4.558000000000e-03  8.54141e-01
-4.540800000000e-03  8.54141e-01
-4.523600000000e-03  8.54141e-01
-4.506400000000e-03  8.54141e-01
-4.489200000000e-03  8.53008e-01
-4.472000000000e-03  8.54141e-01
-4.454800000000e-03  8.54141e-01
-4.437600000000e-03  8.54141e-01
-4.420400000000e-03  8.54141e-01
-4.403200000000e-03  8.54141e-01
-4.386000000000e-03  8.54141e-01
-4.368800000000e-03  8.53008e-01
-4.351600000000e-03  8.54141e-01
-4.334400000000e-03  8.54141e-01
-4.317200000000e-03  8.54141e-01
-4.300000000000e-03  8.54141e-01
-4.282800000000e-03  8.54141e-01
-4.265600000000e-03  8.54141e-01
-4.248400000000e-03  8.54141e-01
-4.231200000000e-03  8.54141e-01
-4.214000000000e-03  8.54141e-01
-4.196800000000e-03  8.54141e-01
-4.179600000000e-03  8.54141e-01
-4.162400000000e-03  8.54141e-01
-4.145200000000e-03  8.54141e-01
-4.128000000000e-03  8.54141e-01
-4.110800000000e-03  8.54141e-01
-4.093600000000e-03  8.54141e-01
-4.076400000000e-03  8.54141e-01
-4.059200000000e-03  8.53008e-01
-4.042000000000e-03  8.53008e-01
-4.024800000000e-03  8.54141e-01
-4.007600000000e-03  8.53008e-01
-3.990400000000e-03  8.54141e-01
-3.973200000000e-03  8.54141e-01
-3.956000000000e-03  8.53008e-01
-3.938800000000e-03  8.53008e-01
-3.921600000000e-03  8.53008e-01
-3.904400000000e-03  8.53008e-01
-3.887200000000e-03  8.53008e-01
-3.870000000000e-03  8.54141e-01
-3.852800000000e-03  8.54141e-01
-3.835600000000e-03  8.54141e-01
-3.818400000000e-03  8.53008e-01
-3.801200000000e-03  8.53008e-01
-3.784000000000e-03  8.53008e-01
-3.766800000000e-03  8.53008e-01
-3.749600000000e-03  8.54141e-01
-3.732400000000e-03  8.54141e-01
-3.715200000000e-03  8.54141e-01
-3.698000000000e-03  8.54141e-01
-3.680800000000e-03  8.53008e-01
-3.663600000000e-03  8.53008e-01
-3.646400000000e-03  8.53008e-01
-3.629200000000e-03  8.53008e-01
-3.612000000000e-03  8.53008e-01
-3.594800000000e-03  8.53008e-01
-3.577600000000e-03  8.53008e-01
-3.560400000000e-03  8.53008e-01
-3.543200000000e-03  8.54141e-01
-3.526000000000e-03  8.54141e-01
-3.508800000000e-03  8.53008e-01
-3.491600000000e-03  8.53008e-01
-3.474400000000e-03  8.53008e-01
-3.457200000000e-03  8.53008e-01
-3.440000000000e-03  8.53008e-01
-3.422800000000e-03  8.53008e-01
-3.405600000000e-03  8.53008e-01
-3.388400000000e-03  8.53008e-01
-3.371200000000e-03  8.53008e-01
-3.354000000000e-03  8.53008e-01
-3.336800000000e-03  8.53008e-01
-3.319600000000e-03  8.53008e-01
-3.302400000000e-03  8.53008e-01
-3.285200000000e-03  8.53008e-01
-3.268000000000e-03  8.53008e-01
-3.250800000000e-03  8.53008e-01
-3.233600000000e-03  8.53008e-01
-3.216400000000e-03  8.53008e-01
-3.199200000000e-03  8.53008e-01
-3.182000000000e-03  8.53008e-01
-3.164800000000e-03  8.53008e-01
-3.147600000000e-03  8.53008e-01
-3.130400000000e-03  8.53008e-01
-3.113200000000e-03  8.53008e-01
-3.096000000000e-03  8.53008e-01
-3.078800000000e-03  8.53008e-01
-3.061600000000e-03  8.53008e-01
-3.044400000000e-03  8.53008e-01
-3.027200000000e-03  8.54141e-01
-3.010000000000e-03  8.53008e-01
-2.992800000000e-03  8.53008e-01
-2.975600000000e-03  8.54141e-01
-2.958400000000e-03  8.54141e-01
-2.941200000000e-03  8.54141e-01
-2.924000000000e-03  8.53008e-01
-2.906800000000e-03  8.54141e-01
-2.889600000000e-03  8.53008e-01
-2.872400000000e-03  8.53008e-01
-2.855200000000e-03  8.53008e-01
-2.838000000000e-03  8.54141e-01
-2.820800000000e-03  8.53008e-01
-2.803600000000e-03  8.53008e-01
-2.786400000000e-03  8.54141e-01
-2.769200000000e-03  8.53008e-01
-2.752000000000e-03  8.53008e-01
-2.734800000000e-03  8.53008e-01
-2.717600000000e-03  8.53008e-01
-2.700400000000e-03  8.53008e-01
-2.683200000000e-03  8.54141e-01
-2.666000000000e-03  8.54141e-01
-2.648800000000e-03  8.53008e-01
-2.631600000000e-03  8.54141e-01
-2.614400000000e-03  8.53008e-01
-2.597200000000e-03  8.54141e-01
-2.580000000000e-03  8.54141e-01
-2.562800000000e-03  8.54141e-01
-2.545600000000e-03  8.54141e-01
-2.528400000000e-03  8.54141e-01
-2.511200000000e-03  8.54141e-01
-2.494000000000e-03  3.17187e-02
-2.476800000000e-03 -1.31406e-01
-2.459600000000e-03 -1.32539e-01
-2.442400000000e-03 -1.33672e-01
-2.425200000000e-03 -1.34805e-01
-2.408000000000e-03 -1.34805e-01
-2.390800000000e-03 -1.34805e-01
-2.373600000000e-03 -1.34805e-01
-2.356400000000e-03 -1.34805e-01
-2.339200000000e-03 -1.34805e-01
-2.322000000000e-03 -1.34805e-01
-2.304800000000e-03 -1.34805e-01
-2.287600000000e-03 -1.35937e-01
-2.270400000000e-03 -1.35937e-01
-2.253200000000e-03 -1.35937e-01
-2.236000000000e-03 -1.35937e-01
-2.218800000000e-03 -1.35937e-01
-2.201600000000e-03 -1.34805e-01
-2.184400000000e-03 -1.35937e-01
-2.167200000000e-03 -1.34805e-01
-2.150000000000e-03 -1.35937e-01
-2.132800000000e-03 -1.35937e-01
-2.115600000000e-03 -1.35937e-01
-2.098400000000e-03 -1.35937e-01
-2.081200000000e-03 -1.35937e-01
-2.064000000000e-03 -1.35937e-01
-2.046800000000e-03 -1.35937e-01
-2.029600000000e-03 -1.35937e-01
-2.012400000000e-03 -1.35937e-01
-1.995200000000e-03 -1.35937e-01
-1.978000000000e-03 -1.35937e-01
-1.960800000000e-03 -1.35937e-01
-1.943600000000e-03 -1.35937e-01
-1.926400000000e-03 -1.35937e-01
-1.909200000000e-03 -1.35937e-01
-1.892000000000e-03 -1.35937e-01
-1.874800000000e-03 -1.37070e-01
-1.857600000000e-03 -1.35937e-01
-1.840400000000e-03 -1.35937e-01
-1.823200000000e-03 -1.37070e-01
-1.806000000000e-03 -1.37070e-01
-1.788800000000e-03 -1.35937e-01
-1.771600000000e-03 -1.35937e-01
-1.754400000000e-03 -1.35937e-01
-1.737200000000e-03 -1.35937e-01
-1.720000000000e-03 -1.35937e-01
-1.702800000000e-03 -1.35937e-01
-1.685600000000e-03 -1.35937e-01
-1.668400000000e-03 -1.35937e-01
-1.651200000000e-03 -1.35937e-01
-1.634000000000e-03 -1.35937e-01
-1.616800000000e-03 -1.35937e-01
-1.599600000000e-03 -1.35937e-01
-1.582400000000e-03 -1.35937e-01
-1.565200000000e-03 -1.35937e-01
-1.548000000000e-03 -1.35937e-01
-1.530800000000e-03 -1.35937e-01
-1.513600000000e-03 -1.35937e-01
-1.496400000000e-03 -1.35937e-01
-1.479200000000e-03 -1.35937e-01
-1.462000000000e-03 -1.35937e-01
-1.444800000000e-03 -1.35937e-01
-1.427600000000e-03 -1.35937e-01
-1.410400000000e-03 -1.35937e-01
-1.393200000000e-03 -1.35937e-01
-1.376000000000e-03 -1.37070e-01
-1.358800000000e-03 -1.35937e-01
-1.341600000000e-03 -1.35937e-01
-1.324400000000e-03 -1.37070e-01
-1.307200000000e-03 -1.35937e-01
